27993	1
21830	2
38134	3
34892	4
20225	5
19994	6
20449	7
36151	8
37096	9
21494	10
32769	11
26690	12
21338	13
22763	14
21017	15
20174	16
21478	17
19968	18
20010	19
35282	20
24230	21
23545	22
20116	23
36947	24
38376	25
27099	26
36827	27
20102	28
35299	29
35835	30
12290	31
35748	32
20026	33
65292	34
30446	35
21069	36
22269	37
20869	38
32780	39
35328	40
29983	41
19981	42
24687	43
-3	44
21270	45
29378	46
28526	47
35753	48
20320	49
22635	50
24377	51
25195	52
37027	53
21202	54
26031	55
38177	56
32822	57
32435	58
20197	59
21450	60
26705	61
26222	62
28909	63
20122	64
20043	65
19978	66
21602	67
65311	68
21152	69
27604	70
28023	71
30423	72
-2	73
65306	74
19990	75
30028	76
23613	77
22836	78
12299	79
30340	80
21435	81
24180	82
21516	83
26399	84
25104	85
32489	86
27515	87
29993	88
22312	89
36523	90
21518	91
32773	92
21363	93
23558	94
36214	95
36229	96
12298	97
21464	98
24418	99
37329	100
21018	101
24067	102
40065	103
20140	104
30740	105
31350	106
25152	107
39039	108
20013	109
24515	110
20027	111
20219	112
26446	113
35828	114
19996	115
21644	116
24179	117
19982	118
23433	119
20840	120
26159	121
32654	122
8220	123
26680	124
21033	125
30410	126
8221	127
36190	128
21161	129
26242	130
26102	131
31354	132
32570	133
20182	134
20204	135
29699	136
34915	137
21360	138
65288	139
32852	140
21512	141
20799	142
31461	143
22522	144
20250	145
65289	146
20844	147
24615	148
36136	149
24191	150
21578	151
65307	152
27492	153
25968	154
25454	155
25442	156
31639	157
27954	158
30424	159
32599	160
39532	161
23458	162
22330	163
21487	164
21322	165
20302	166
27700	167
26368	168
26834	169
33	170
35	171
33521	172
38596	173
30431	174
23398	175
21019	176
20316	177
21407	178
22768	179
29579	180
38500	181
21556	182
28246	183
24070	184
29616	185
31934	186
24425	187
24453	188
31179	189
12289	190
23376	191
28145	192
20911	193
28982	194
24050	195
24402	196
20837	197
20108	198
19977	199
27969	200
35946	201
34987	202
22810	203
32447	204
25112	205
25302	206
32047	207
27491	208
24708	209
36861	210
26469	211
22823	212
22909	213
26426	214
37325	215
26032	216
25214	217
22238	218
38431	219
20957	220
32858	221
21147	222
25289	223
31185	224
36194	225
36164	226
26412	227
35201	228
23646	229
20110	230
32467	231
26500	232
29702	233
36130	234
20135	235
21697	236
21608	237
20132	238
36890	239
21457	240
22825	241
28155	242
31995	243
21015	244
25237	245
23553	246
38381	247
30003	248
36141	249
35813	250
19975	251
22320	252
35774	253
35745	254
24635	255
30417	256
21016	257
20811	258
23792	259
24429	260
20037	261
27915	262
25105	263
39746	264
39134	265
36125	266
23612	267
21476	268
33891	269
25910	270
34255	271
23478	272
22270	273
35758	274
25209	275
20934	276
27431	277
20891	278
37327	279
21271	280
32422	281
31561	282
23601	283
38469	284
25512	285
33616	286
36208	287
24266	288
38656	289
20998	290
30830	291
20445	292
23567	293
32452	294
20986	295
21183	296
27714	297
36203	298
22612	299
24517	300
39035	301
20105	302
32988	303
30456	304
36180	305
29575	306
19979	307
38647	308
27744	309
26080	310
20919	311
36857	312
35937	313
26143	314
23637	315
21335	316
23425	317
20063	318
25321	319
24320	320
22369	321
22806	322
36817	323
32439	324
25193	325
21326	326
22905	327
20889	328
25239	329
24198	330
22352	331
27665	332
36718	333
21040	334
23665	335
38517	336
30651	337
20208	338
31206	339
28142	340
27827	341
36807	342
25903	343
25345	344
24037	345
36824	346
25552	347
20379	348
21253	349
25324	350
23384	351
27454	352
30005	353
21345	354
31449	355
24335	356
34701	357
26381	358
21153	359
24030	360
26041	361
33402	362
26415	363
39302	364
26376	365
26085	366
30465	367
25991	368
29289	369
32771	370
26361	371
25805	372
39640	373
34920	374
26126	375
25215	376
27809	377
26377	378
22303	379
29664	380
22675	381
20154	382
8216	383
20195	384
24459	385
24072	386
25351	387
31614	388
32626	389
26410	390
30475	391
20080	392
23002	393
20185	394
26512	395
20999	396
23572	397
35199	398
31283	399
28006	400
26223	401
40687	402
28129	403
25293	404
21334	405
21496	406
39044	407
25925	408
23467	409
20851	410
35760	411
36733	412
26009	413
20094	414
38534	415
31481	416
26408	417
29273	418
31867	419
24403	420
27863	421
34903	422
38543	423
20415	424
35810	425
38382	426
20313	427
21517	428
24066	429
21364	430
21482	431
23525	432
20960	433
30693	434
22914	435
31070	436
22855	437
20029	438
27901	439
21306	440
20855	441
38081	442
22240	443
32508	444
24565	445
28595	446
46	447
20917	448
29978	449
20339	450
24182	451
20301	452
27779	453
20044	454
36842	455
27668	456
28072	457
27721	458
35834	459
23041	460
21380	461
20004	462
24503	463
30002	464
36187	465
21382	466
21490	467
36127	468
31245	469
21344	470
39118	471
22686	472
38750	473
25216	474
32032	475
22797	476
26434	477
31243	478
36866	479
24212	480
26356	481
24456	482
40	483
20247	484
36719	485
20214	486
41	487
23436	488
24378	489
24369	490
26174	491
23395	492
31455	493
25163	494
31859	495
20848	496
28216	497
21439	498
22996	499
36131	500
25480	501
29260	502
35777	503
29305	504
21035	505
21381	506
25670	507
26816	508
26597	509
35832	510
20399	511
26352	512
34081	513
37013	514
22530	515
20025	516
20196	517
35770	518
37322	519
21462	520
20854	521
22235	522
38754	523
29615	524
22278	525
22721	526
36930	527
36767	528
38605	529
39759	530
26187	531
26397	532
22323	533
24120	534
39033	535
44	536
38556	537
25151	538
26494	539
22378	540
26449	541
24247	542
20961	543
183	544
33707	545
20262	546
21495	547
20173	548
20420	549
24441	550
28192	551
20107	552
24773	553
23569	554
31034	555
23626	556
30001	557
39318	558
27425	559
24040	560
39069	561
22870	562
21402	563
25110	564
30452	565
25509	566
30331	567
38470	568
20351	569
32593	570
20303	571
23453	572
22478	573
26753	574
21150	575
24352	576
29992	577
21010	578
21806	579
27004	580
25171	581
21548	582
24471	583
24535	584
24895	585
26524	586
20184	587
29306	588
29298	589
37117	590
25588	591
31181	592
32534	593
25490	594
24590	595
26679	596
20570	597
25165	598
33021	599
36991	600
20813	601
25298	602
28010	603
39057	604
36992	605
35831	606
22788	607
23448	608
27743	609
20294	610
22827	611
32463	612
22971	613
20256	614
23621	615
24076	616
30007	617
21451	618
36825	619
27605	620
33713	621
22366	622
31168	623
36896	624
27169	625
25311	626
25191	627
21046	628
35768	629
20040	630
21916	631
27426	632
33879	633
29233	634
26790	635
22659	636
32737	637
32736	638
31471	639
26495	640
35785	641
22359	642
20912	643
25346	644
20215	645
26684	646
20803	647
26611	648
23454	649
20064	650
33778	651
25307	652
21592	653
20171	654
32461	655
21021	656
22987	657
20572	658
27490	659
21463	660
27941	661
31435	662
31169	663
21215	664
32929	665
26435	666
21327	667
26152	668
25253	669
23548	670
26893	671
28040	672
38395	673
20165	674
38548	675
26366	676
36135	677
25143	678
28818	679
36215	680
30333	681
38388	682
38712	683
24433	684
23004	685
22561	686
31967	687
31957	688
24808	689
36133	690
25776	691
38450	692
31616	693
35759	694
23186	695
20048	696
20307	697
35270	698
37326	699
25668	700
21361	701
38505	702
30707	703
24314	704
27880	705
32500	706
20872	707
21543	708
38169	709
32034	710
30422	711
25343	712
25945	713
32451	714
19988	715
25915	716
20982	717
29467	718
22885	719
29926	720
40857	721
20808	722
31119	723
31456	724
20005	725
20405	726
23475	727
38544	728
35465	729
38498	730
20381	731
27861	732
25913	733
21028	734
23457	735
20915	736
25285	737
24674	738
26479	739
36755	740
32473	741
22467	742
20237	743
22253	744
26497	745
28385	746
25972	747
20648	748
22791	749
38271	750
38451	751
38215	752
37197	753
38480	754
38669	755
32472	756
26480	757
22350	758
27987	759
27748	760
32592	761
34092	762
33756	763
27874	764
38182	765
26071	766
21009	767
35686	768
27982	769
33311	770
26696	771
36941	772
21576	773
28070	774
24133	775
21319	776
25320	777
38144	778
33391	779
33268	780
20928	781
28369	782
19971	783
31574	784
30053	785
25103	786
22622	787
23394	788
20882	789
22826	790
38454	791
27573	792
39321	793
28207	794
36152	795
26131	796
23616	797
32455	798
23536	799
23431	800
23089	801
39556	802
32972	803
27704	804
20123	805
25226	806
22661	807
24819	808
25601	809
31216	810
29255	811
22495	812
22438	813
19969	814
32844	815
33635	816
35272	817
37324	818
24231	819
24217	820
38386	821
35848	822
24405	823
38899	824
36830	825
33394	826
40158	827
38598	828
22919	829
27905	830
39764	831
24651	832
23481	833
31532	834
32622	835
22343	836
26411	837
26364	838
12304	839
33457	840
12305	841
30334	842
22995	843
24863	844
35874	845
21442	846
20170	847
38155	848
8212	849
29790	850
36235	851
24213	852
37038	853
25919	854
26149	855
33829	856
25644	857
36335	858
25674	859
35843	860
38752	861
38180	862
23450	863
21162	864
20248	865
31454	866
37	867
35805	868
40517	869
38452	870
31649	871
26395	872
20877	873
24448	874
20309	875
22856	876
26757	877
20136	878
28218	879
33579	880
27010	881
36710	882
36153	883
29609	884
23459	885
32493	886
22362	887
32426	888
29756	889
23546	890
29595	891
27966	892
33945	893
22266	894
27735	895
20853	896
24449	897
20240	898
27585	899
26053	900
26292	901
38706	902
39064	903
22840	904
23588	905
38383	906
26432	907
20804	908
24351	909
28781	910
21475	911
28857	912
30772	913
29436	914
33258	915
36873	916
25300	917
26463	918
24685	919
27979	920
30408	921
29366	922
21073	923
20384	924
32536	925
32476	926
29256	927
24039	928
20271	929
35762	930
27599	931
36816	932
32479	933
25856	934
29228	935
28508	936
21311	937
25286	938
31163	939
22697	940
30495	941
25749	942
33080	943
30382	944
37319	945
21160	946
27963	947
37202	948
24215	949
40723	950
21169	951
24744	952
21681	953
31508	954
24049	955
21527	956
24577	957
27931	958
24052	959
26465	960
33499	961
33509	962
26354	963
23521	964
40657	965
31038	966
33459	967
26202	968
40527	969
35930	970
30701	971
23614	972
28436	973
24211	974
26862	975
25308	976
20161	977
24917	978
21155	979
21551	980
35268	981
25928	982
21542	983
20809	984
32454	985
28809	986
33922	987
21513	988
25645	989
26723	990
45	991
24847	992
20057	993
32423	994
20849	995
35449	996
20426	997
36275	998
32966	999
33655	1000
38463	1001
26681	1002
24311	1003
38065	1004
40654	1005
28949	1006
25918	1007
20943	1008
36895	1009
36319	1010
36855	1011
36716	1012
24065	1013
21047	1014
21452	1015
32477	1016
22815	1017
32418	1018
25106	1019
32963	1020
31361	1021
22260	1022
32997	1023
22363	1024
20065	1025
21103	1026
23494	1027
21467	1028
36870	1029
24341	1030
25806	1031
30165	1032
36739	1033
31359	1034
36234	1035
23576	1036
31192	1037
31821	1038
33539	1039
22696	1040
32462	1041
40614	1042
30000	1043
26519	1044
21305	1045
39740	1046
21453	1047
36879	1048
33410	1049
36753	1050
29123	1051
27833	1052
36328	1053
36973	1054
21333	1055
25243	1056
33487	1057
20062	1058
28139	1059
38889	1060
30828	1061
38590	1062
23519	1063
20070	1064
24330	1065
20559	1066
20221	1067
21448	1068
20104	1069
31569	1070
22899	1071
36793	1072
32431	1073
31929	1074
21521	1075
33931	1076
31895	1077
38050	1078
36798	1079
20159	1080
21544	1081
26448	1082
29468	1083
34429	1084
20987	1085
22317	1086
32456	1087
36134	1088
22830	1089
31080	1090
32752	1091
8230	1092
28459	1093
26124	1094
38468	1095
36891	1096
32781	1097
20598	1098
26263	1099
22351	1100
25240	1101
24800	1102
20892	1103
33832	1104
33136	1105
26234	1106
25797	1107
25658	1108
26082	1109
34385	1110
21629	1111
23485	1112
23618	1113
23427	1114
22799	1115
22839	1116
23736	1117
21151	1118
35265	1119
21313	1120
25705	1121
20973	1122
27493	1123
31572	1124
20113	1125
26970	1126
34678	1127
31069	1128
24544	1129
36126	1130
24754	1131
21709	1132
36814	1133
24109	1134
23429	1135
24220	1136
36880	1137
38477	1138
20391	1139
37066	1140
20937	1141
32039	1142
25265	1143
25353	1144
25581	1145
36731	1146
35797	1147
40858	1148
36300	1149
22982	1150
32511	1151
35206	1152
20139	1153
31246	1154
20540	1155
32564	1156
23507	1157
25220	1158
34989	1159
21095	1160
58	1161
26144	1162
65281	1163
35775	1164
27719	1165
38024	1166
28195	1167
20992	1168
28779	1169
33452	1170
22863	1171
20975	1172
27468	1173
26391	1174
33495	1175
23528	1176
26230	1177
32437	1178
27178	1179
24656	1180
20129	1181
20234	1182
37073	1183
36911	1184
35821	1185
24778	1186
26367	1187
20826	1188
28201	1189
27849	1190
19995	1191
39564	1192
23460	1193
24481	1194
36828	1195
22242	1196
20046	1197
30036	1198
20876	1199
22411	1200
35780	1201
24464	1202
40511	1203
30011	1204
24858	1205
31227	1206
38829	1207
38632	1208
26132	1209
20856	1210
27888	1211
22374	1212
20805	1213
25630	1214
31505	1215
21525	1216
31062	1217
35878	1218
35814	1219
24038	1220
27663	1221
24319	1222
21367	1223
20272	1224
33267	1225
20861	1226
28798	1227
36877	1228
36965	1229
30021	1230
36192	1231
30913	1232
36148	1233
26522	1234
24187	1235
36305	1236
21508	1237
20387	1238
36865	1239
31036	1240
32478	1241
33041	1242
27713	1243
30239	1244
30123	1245
34067	1246
24310	1247
24149	1248
40664	1249
22857	1250
29486	1251
21547	1252
32321	1253
23627	1254
36801	1255
34917	1256
20607	1257
30528	1258
28304	1259
21484	1260
34218	1261
37228	1262
23653	1263
32993	1264
33150	1265
33609	1266
24555	1267
21488	1268
35266	1269
32946	1270
30086	1271
38738	1272
24029	1273
36149	1274
31319	1275
38518	1276
26355	1277
20254	1278
33351	1279
38035	1280
40060	1281
27891	1282
33337	1283
29420	1284
29425	1285
24069	1286
22307	1287
24093	1288
27877	1289
31215	1290
25176	1291
28248	1292
28895	1293
30679	1294
23383	1295
20463	1296
30640	1297
35980	1298
20581	1299
25317	1300
38745	1301
24605	1302
38886	1303
37492	1304
36175	1305
26460	1306
40515	1307
21247	1308
26063	1309
32676	1310
20239	1311
34013	1312
34924	1313
24618	1314
36848	1315
26525	1316
28107	1317
28435	1318
36259	1319
28393	1320
23707	1321
27785	1322
28096	1323
21310	1324
32553	1325
29645	1326
23385	1327
23551	1328
24207	1329
27494	1330
35009	1331
24443	1332
27839	1333
31918	1334
29301	1335
25252	1336
22346	1337
26089	1338
30149	1339
27811	1340
36867	1341
22841	1342
20711	1343
23681	1344
28151	1345
19987	1346
35841	1347
27627	1348
37995	1349
35013	1350
39280	1351
20312	1352
47	1353
24344	1354
20687	1355
22372	1356
36766	1357
20007	1358
23608	1359
20030	1360
38047	1361
23068	1362
23020	1363
20551	1364
25511	1365
23624	1366
33719	1367
28165	1368
29577	1369
32819	1370
21560	1371
39046	1372
29031	1373
30041	1374
22336	1375
23492	1376
23556	1377
22120	1378
31348	1379
23574	1380
25484	1381
26007	1382
9633	1383
21220	1384
35273	1385
38634	1386
39038	1387
24681	1388
20041	1389
27583	1390
20146	1391
35782	1392
25463	1393
32768	1394
21491	1395
32487	1396
21414	1397
36935	1398
33853	1399
25481	1400
20860	1401
28799	1402
28866	1403
36745	1404
29004	1405
35791	1406
20016	1407
23500	1408
20439	1409
22766	1410
33485	1411
27953	1412
22025	1413
32469	1414
24265	1415
31302	1416
20857	1417
20505	1418
34880	1419
28082	1420
22280	1421
39277	1422
40644	1423
29275	1424
28041	1425
20284	1426
25569	1427
21672	1428
21051	1429
33510	1430
9632	1431
8226	1432
33033	1433
19997	1434
36864	1435
39029	1436
39030	1437
20329	1438
28789	1439
22812	1440
25366	1441
25496	1442
29791	1443
26657	1444
20390	1445
20266	1446
35784	1447
39575	1448
29359	1449
32618	1450
25235	1451
25429	1452
33406	1453
20538	1454
21048	1455
25950	1456
24713	1457
23815	1458
20964	1459
20976	1460
23721	1461
20142	1462
20365	1463
21355	1464
28193	1465
20056	1466
30563	1467
22833	1468
24613	1469
40736	1470
21315	1471
28860	1472
36213	1473
27036	1474
20896	1475
37045	1476
24033	1477
30746	1478
24736	1479
21746	1480
38125	1481
34955	1482
38	1483
34382	1484
32416	1485
38179	1486
20367	1487
35786	1488
21307	1489
30427	1490
23130	1491
24426	1492
24717	1493
26045	1494
31487	1495
40481	1496
20742	1497
29492	1498
25773	1499
39547	1500
25166	1501
23005	1502
23578	1503
36898	1504
20181	1505
38597	1506
29677	1507
24324	1508
30683	1509
30462	1510
25299	1511
28504	1512
23432	1513
27611	1514
34180	1515
28120	1516
28425	1517
36763	1518
21561	1519
27801	1520
35799	1521
21477	1522
20834	1523
35757	1524
26029	1525
25402	1526
23486	1527
32842	1528
23562	1529
21050	1530
28608	1531
23679	1532
21483	1533
26550	1534
23110	1535
22368	1536
26538	1537
39135	1538
25250	1539
21163	1540
126	1541
23435	1542
25996	1543
37257	1544
36920	1545
39041	1546
26280	1547
20202	1548
30343	1549
28286	1550
21387	1551
21002	1552
32960	1553
20852	1554
26118	1555
31077	1556
36720	1557
29632	1558
28044	1559
26631	1560
25764	1561
35772	1562
31295	1563
26379	1564
20465	1565
24343	1566
36158	1567
40575	1568
29190	1569
38519	1570
33324	1571
40784	1572
20160	1573
27835	1574
22859	1575
38472	1576
36829	1577
31199	1578
60	1579
38190	1580
24178	1581
20493	1582
20511	1583
20498	1584
26262	1585
37261	1586
39068	1587
33322	1588
36367	1589
35825	1590
22842	1591
20241	1592
32673	1593
37030	1594
21320	1595
26725	1596
23828	1597
39745	1598
30171	1599
8593	1600
23043	1601
65284	1602
25198	1603
23703	1604
20137	1605
31687	1606
29642	1607
20363	1608
20117	1609
40092	1610
24046	1611
23581	1612
21400	1613
32445	1614
24119	1615
25506	1616
35752	1617
23244	1618
28431	1619
27934	1620
38663	1621
25788	1622
36137	1623
26641	1624
25331	1625
22871	1626
36874	1627
30633	1628
40479	1629
24034	1630
21191	1631
25377	1632
24598	1633
29916	1634
24248	1635
26286	1636
25551	1637
22403	1638
22334	1639
36212	1640
25671	1641
28378	1642
30945	1643
21809	1644
36724	1645
33889	1646
33796	1647
33050	1648
25381	1649
20828	1650
22925	1651
38453	1652
21170	1653
25361	1654
35859	1655
27867	1656
36317	1657
29824	1658
29864	1659
21892	1660
8560	1661
23609	1662
39537	1663
27760	1664
24196	1665
25937	1666
36963	1667
33368	1668
33328	1669
29087	1670
30952	1671
35806	1672
36808	1673
35793	1674
22937	1675
21834	1676
20260	1677
27530	1678
25380	1679
20817	1680
25386	1681
23439	1682
24466	1683
36926	1684
20908	1685
22993	1686
23064	1687
20843	1688
26421	1689
36989	1690
28189	1691
39550	1692
25269	1693
40132	1694
30887	1695
36741	1696
33618	1697
31186	1698
26464	1699
21733	1700
24202	1701
43	1702
25514	1703
27784	1704
20667	1705
30524	1706
24658	1707
38138	1708
32824	1709
40718	1710
38646	1711
20255	1712
28170	1713
27424	1714
40486	1715
64	1716
21449	1717
28014	1718
36481	1719
33073	1720
25758	1721
33109	1722
24102	1723
26195	1724
28180	1725
25130	1726
32791	1727
25964	1728
21024	1729
34203	1730
32490	1731
28176	1732
26805	1733
25342	1734
32902	1735
24524	1736
24814	1737
28783	1738
22949	1739
27063	1740
34584	1741
34523	1742
8562	1743
27807	1744
32434	1745
30068	1746
31526	1747
22043	1748
29239	1749
23735	1750
28418	1751
30473	1752
26191	1753
28814	1754
35820	1755
36154	1756
24237	1757
38055	1758
20020	1759
21619	1760
25720	1761
20462	1762
20725	1763
23835	1764
38607	1765
33738	1766
24840	1767
30097	1768
26700	1769
25102	1770
26604	1771
22484	1772
21531	1773
38407	1774
36299	1775
8595	1776
26087	1777
20134	1778
22521	1779
20859	1780
40660	1781
36882	1782
37048	1783
25628	1784
35302	1785
32724	1786
33298	1787
21628	1788
24184	1789
37051	1790
31398	1791
29705	1792
29827	1793
36394	1794
22570	1795
37219	1796
40560	1797
22902	1798
29240	1799
33678	1800
31105	1801
25424	1802
32558	1803
25096	1804
36843	1805
32964	1806
35895	1807
39558	1808
39548	1809
26543	1810
36805	1811
28088	1812
29157	1813
33104	1814
26198	1815
34074	1816
32899	1817
31108	1818
24444	1819
20613	1820
8550	1821
26825	1822
27675	1823
39542	1824
63	1825
25958	1826
36742	1827
28382	1828
27973	1829
20914	1830
33129	1831
33437	1832
26472	1833
26049	1834
32918	1835
34425	1836
33948	1837
21195	1838
38236	1839
25340	1840
28872	1841
25119	1842
24080	1843
29831	1844
25447	1845
37070	1846
21256	1847
29785	1848
26976	1849
35851	1850
31389	1851
21346	1852
23506	1853
28689	1854
28330	1855
36924	1856
21696	1857
30977	1858
24871	1859
32954	1860
36951	1861
24509	1862
24322	1863
36466	1864
35802	1865
20542	1866
20061	1867
24815	1868
20111	1869
34913	1870
26122	1871
38761	1872
34	1873
36797	1874
29028	1875
33714	1876
26576	1877
38145	1878
33489	1879
27896	1880
27837	1881
27516	1882
29281	1883
38506	1884
20276	1885
27427	1886
21704	1887
32650	1888
35880	1889
24910	1890
27773	1891
26059	1892
32495	1893
24518	1894
35281	1895
27983	1896
28846	1897
22920	1898
29038	1899
39184	1900
29238	1901
27597	1902
25304	1903
36182	1904
21097	1905
33030	1906
29976	1907
20315	1908
38401	1909
32110	1910
31515	1911
20845	1912
37011	1913
23725	1914
24422	1915
36339	1916
28422	1917
34593	1918
38686	1919
24188	1920
24739	1921
30142	1922
30151	1923
20918	1924
24935	1925
21523	1926
27818	1927
25196	1928
20801	1929
21563	1930
33683	1931
20900	1932
26505	1933
24323	1934
22256	1935
25200	1936
34649	1937
34656	1938
39569	1939
27233	1940
33014	1941
28287	1942
25439	1943
35885	1944
24428	1945
30865	1946
26477	1947
24110	1948
24537	1949
25276	1950
31548	1951
32943	1952
20052	1953
36174	1954
24576	1955
36347	1956
21738	1957
35746	1958
92	1959
39292	1960
32838	1961
27705	1962
20180	1963
38225	1964
36140	1965
32440	1966
24041	1967
24086	1968
8545	1969
23547	1970
29626	1971
20332	1972
38378	1973
36856	1974
40140	1975
31890	1976
33310	1977
37101	1978
25391	1979
32856	1980
29369	1981
35947	1982
123	1983
36	1984
125	1985
34507	1986
30896	1987
20035	1988
38085	1989
35789	1990
35889	1991
28518	1992
40077	1993
29380	1994
34676	1995
24085	1996
29141	1997
29641	1998
24944	1999
30721	2000
23466	2001
33529	2002
24594	2003
29611	2004
29808	2005
23071	2006
40522	2007
24724	2008
38459	2009
32774	2010
42	2011
35850	2012
38887	2013
35010	2014
21378	2015
26441	2016
30710	2017
28467	2018
33431	2019
21862	2020
28698	2021
26086	2022
65293	2023
23487	2024
24930	2025
30450	2026
37122	2027
23391	2028
26157	2029
29392	2030
38414	2031
29786	2032
35879	2033
28085	2034
33446	2035
21716	2036
40483	2037
24833	2038
31363	2039
36831	2040
36845	2041
28059	2042
33334	2043
22402	2044
28046	2045
23610	2046
23447	2047
34503	2048
26133	2049
23273	2050
39128	2051
24573	2052
35838	2053
37041	2054
29483	2055
25703	2056
23810	2057
36393	2058
32937	2059
33152	2060
23045	2061
40836	2062
20873	2063
23305	2064
39281	2065
22958	2066
29738	2067
29747	2068
65295	2069
32922	2070
36761	2071
38678	2072
35829	2073
27481	2074
33395	2075
24328	2076
36820	2077
34588	2078
34562	2079
39588	2080
9679	2081
28966	2082
40141	2083
38046	2084
20114	2085
29980	2086
20599	2087
26632	2088
38442	2089
33831	2090
33564	2091
37239	2092
36196	2093
31881	2094
30862	2095
30765	2096
33251	2097
29245	2098
23631	2099
32763	2100
32982	2101
38753	2102
20223	2103
36530	2104
26742	2105
25159	2106
20389	2107
21807	2108
32652	2109
32501	2110
30879	2111
39635	2112
24494	2113
20985	2114
20984	2115
33463	2116
38170	2117
31364	2118
38083	2119
31908	2120
29943	2121
22129	2122
32701	2123
25955	2124
29421	2125
32531	2126
25318	2127
39034	2128
36884	2129
39748	2130
29618	2131
26588	2132
23233	2133
33988	2134
27850	2135
28448	2136
21888	2137
32504	2138
20419	2139
32532	2140
23388	2141
25260	2142
20461	2143
26420	2144
21861	2145
21796	2146
26417	2147
32690	2148
23777	2149
32518	2150
20249	2151
20518	2152
32516	2153
25932	2154
30130	2155
21171	2156
8561	2157
35853	2158
24999	2159
26106	2160
36752	2161
32874	2162
36804	2163
36189	2164
29399	2165
26579	2166
27602	2167
27974	2168
26609	2169
22218	2170
38613	2171
35823	2172
37266	2173
25513	2174
21331	2175
33633	2176
27814	2177
37103	2178
32442	2179
21507	2180
31166	2181
29734	2182
29956	2183
22404	2184
31109	2185
26827	2186
28796	2187
32043	2188
38142	2189
21350	2190
38660	2191
36929	2192
34394	2193
39536	2194
32597	2195
25810	2196
25284	2197
25296	2198
26829	2199
26194	2200
33181	2201
25197	2202
61	2203
33590	2204
24785	2205
32705	2206
26092	2207
22353	2208
29241	2209
26088	2210
22774	2211
30722	2212
28147	2213
36923	2214
23380	2215
24807	2216
26607	2217
25169	2218
26646	2219
35961	2220
35029	2221
35910	2222
31893	2223
39282	2224
29482	2225
32905	2226
33673	2227
20940	2228
28487	2229
24680	2230
19985	2231
33647	2232
38379	2233
38485	2234
32961	2235
31391	2236
26165	2237
26196	2238
33538	2239
28825	2240
26329	2241
28548	2242
36171	2243
36291	2244
20018	2245
26025	2246
22443	2247
36744	2248
33900	2249
23396	2250
31258	2251
27882	2252
37009	2253
34411	2254
27542	2255
26639	2256
29997	2257
27450	2258
21943	2259
33576	2260
33541	2261
30636	2262
30805	2263
33293	2264
39592	2265
22934	2266
31229	2267
25954	2268
21917	2269
26580	2270
21497	2271
30784	2272
23697	2273
25935	2274
25187	2275
23452	2276
33805	2277
36143	2278
24473	2279
26216	2280
38082	2281
26020	2282
26333	2283
33670	2284
28856	2285
19976	2286
34893	2287
38405	2288
29408	2289
27224	2290
29066	2291
26332	2292
20521	2293
20002	2294
30127	2295
22581	2296
20995	2297
20658	2298
8594	2299
23704	2300
23476	2301
32509	2302
32602	2303
31232	2304
24223	2305
30922	2306
22918	2307
24222	2308
24551	2309
31446	2310
25405	2311
27961	2312
27873	2313
24597	2314
24974	2315
36713	2316
36757	2317
27189	2318
32789	2319
39607	2320
39621	2321
28800	2322
28034	2323
26848	2324
23401	2325
28558	2326
28227	2327
28205	2328
23849	2329
28291	2330
39072	2331
36893	2332
31726	2333
36172	2334
22681	2335
124	2336
38582	2337
24536	2338
39579	2339
29422	2340
24868	2341
27498	2342
37034	2343
94	2344
95	2345
25140	2346
40635	2347
28902	2348
40863	2349
23156	2350
30585	2351
27067	2352
34928	2353
27146	2354
29942	2355
33151	2356
30933	2357
30591	2358
31383	2359
38136	2360
38739	2361
27264	2362
30008	2363
29287	2364
21999	2365
22616	2366
20047	2367
23408	2368
21647	2369
30555	2370
30571	2371
30643	2372
26001	2373
28392	2374
29454	2375
38795	2376
23449	2377
22234	2378
24548	2379
59	2380
21934	2381
27965	2382
23648	2383
23480	2384
26898	2385
36771	2386
28095	2387
34276	2388
24694	2389
37049	2390
28101	2391
21505	2392
23490	2393
36129	2394
33643	2395
38221	2396
28937	2397
37300	2398
28103	2399
28037	2400
30342	2401
24358	2402
34249	2403
30058	2404
33540	2405
23784	2406
37089	2407
27442	2408
25794	2409
21294	2410
39129	2411
21776	2412
28108	2413
35868	2414
24189	2415
39539	2416
24005	2417
34174	2418
31609	2419
32903	2420
24676	2421
33620	2422
26212	2423
32764	2424
26564	2425
27084	2426
26000	2427
28009	2428
39056	2429
24826	2430
24796	2431
21208	2432
29166	2433
21410	2434
26257	2435
30917	2436
27012	2437
33455	2438
215	2439
28373	2440
20820	2441
24812	2442
25139	2443
26797	2444
39	2445
33108	2446
33454	2447
25206	2448
28904	2449
26792	2450
25417	2451
28572	2452
25597	2453
38108	2454
27631	2455
36712	2456
8217	2457
29282	2458
33669	2459
27527	2460
21106	2461
25995	2462
25615	2463
28552	2464
25335	2465
22395	2466
24688	2467
39047	2468
38476	2469
28865	2470
34162	2471
25288	2472
23786	2473
37061	2474
22862	2475
26197	2476
21472	2477
25379	2478
23445	2479
22475	2480
36161	2481
35858	2482
31072	2483
23731	2484
25098	2485
37145	2486
33503	2487
33433	2488
33993	2489
25248	2490
23472	2491
27185	2492
26691	2493
33970	2494
30923	2495
34945	2496
21351	2497
22915	2498
29730	2499
23649	2500
34430	2501
33550	2502
28363	2503
36139	2504
35803	2505
39304	2506
22338	2507
26114	2508
23451	2509
29788	2510
24867	2511
21246	2512
22882	2513
31661	2514
36386	2515
20864	2516
38639	2517
39063	2518
24278	2519
35766	2520
62	2521
30031	2522
33098	2523
26093	2524
26539	2525
38662	2526
32499	2527
32465	2528
31665	2529
26531	2530
38742	2531
25688	2532
26885	2533
25530	2534
28153	2535
33218	2536
37085	2537
21557	2538
20621	2539
22435	2540
26530	2541
27996	2542
27946	2543
24604	2544
26635	2545
26297	2546
27788	2547
29417	2548
21385	2549
21193	2550
20127	2551
24730	2552
24490	2553
21465	2554
30637	2555
28079	2556
38181	2557
38654	2558
40509	2559
28907	2560
28903	2561
28900	2562
25746	2563
27792	2564
35776	2565
21880	2566
34633	2567
26179	2568
22805	2569
39654	2570
36981	2571
35875	2572
28437	2573
21927	2574
33688	2575
25087	2576
32554	2577
30416	2578
30196	2579
35892	2580
21734	2581
39540	2582
25042	2583
25684	2584
36324	2585
38393	2586
31209	2587
31373	2588
36341	2589
38043	2590
20652	2591
20392	2592
33899	2593
26694	2594
38210	2595
27609	2596
30629	2597
21741	2598
30860	2599
40100	2600
34434	2601
34433	2602
35839	2603
27986	2604
34691	2605
34809	2606
30358	2607
37321	2608
22865	2609
23035	2610
40493	2611
32784	2612
23518	2613
20120	2614
24162	2615
25438	2616
20304	2617
24608	2618
29848	2619
20923	2620
39589	2621
38797	2622
21895	2623
20177	2624
20513	2625
32544	2626
22904	2627
9670	2628
26575	2629
25494	2630
33606	2631
26840	2632
39749	2633
24748	2634
21898	2635
27844	2636
26021	2637
27832	2638
21650	2639
24616	2640
35033	2641
33192	2642
22992	2643
28404	2644
23159	2645
27607	2646
22365	2647
34107	2648
23853	2649
22564	2650
25026	2651
26803	2652
28020	2653
33777	2654
37247	2655
20806	2656
34946	2657
32974	2658
27225	2659
28322	2660
23803	2661
30561	2662
39567	2663
23195	2664
33976	2665
39301	2666
25472	2667
38194	2668
27531	2669
25153	2670
24055	2671
20008	2672
33308	2673
23591	2674
40120	2675
31096	2676
20846	2677
36405	2678
22609	2679
24691	2680
25784	2681
21368	2682
40715	2683
27836	2684
23729	2685
30095	2686
24367	2687
31377	2688
27964	2689
27815	2690
25259	2691
26837	2692
27016	2693
23044	2694
24043	2695
32933	2696
33125	2697
38610	2698
40114	2699
27927	2700
20979	2701
65291	2702
28976	2703
21187	2704
21533	2705
21868	2706
22986	2707
22969	2708
21534	2709
22124	2710
38054	2711
20522	2712
30733	2713
36974	2714
33491	2715
39554	2716
20045	2717
30496	2718
21736	2719
20506	2720
36758	2721
26388	2722
30140	2723
27745	2724
34065	2725
29995	2726
21520	2727
27133	2728
28748	2729
29081	2730
30460	2731
38152	2732
32728	2733
32521	2734
30719	2735
21860	2736
22068	2737
28844	2738
25504	2739
40104	2740
38420	2741
25170	2742
26438	2743
34003	2744
39563	2745
22244	2746
26799	2747
39278	2748
38567	2749
24609	2750
21705	2751
29787	2752
21149	2753
24825	2754
39333	2755
34109	2756
20081	2757
24339	2758
36132	2759
38409	2760
25032	2761
27687	2762
21857	2763
34900	2764
26247	2765
25605	2766
31171	2767
24357	2768
24092	2769
24841	2770
24742	2771
38391	2772
33392	2773
34164	2774
24432	2775
29814	2776
24653	2777
30103	2778
26643	2779
28316	2780
22318	2781
24452	2782
33261	2783
28784	2784
24700	2785
25242	2786
23682	2787
37036	2788
31392	2789
33276	2790
30447	2791
28270	2792
22900	2793
26517	2794
38075	2795
36176	2796
25443	2797
23781	2798
23896	2799
32834	2800
29781	2801
25233	2802
27513	2803
25423	2804
25370	2805
40499	2806
40495	2807
28335	2808
22687	2809
33729	2810
28525	2811
26666	2812
37017	2813
32441	2814
30418	2815
38262	2816
23884	2817
25554	2818
33037	2819
32670	2820
36785	2821
22756	2822
21634	2823
33292	2824
37213	2825
25970	2826
23039	2827
21947	2828
35140	2829
25022	2830
38026	2831
34935	2832
27495	2833
24904	2834
21329	2835
20989	2836
35274	2837
35278	2838
22916	2839
31291	2840
22534	2841
21574	2842
40482	2843
28891	2844
23090	2845
25384	2846
32697	2847
32610	2848
40831	2849
26228	2850
38593	2851
37195	2852
34384	2853
26629	2854
34472	2855
23706	2856
30610	2857
21038	2858
38025	2859
32517	2860
34444	2861
22496	2862
40548	2863
29733	2864
25745	2865
32428	2866
31961	2867
36426	2868
36343	2869
33559	2870
34527	2871
38062	2872
25277	2873
23495	2874
23456	2875
20133	2876
34521	2877
32491	2878
33545	2879
27575	2880
32496	2881
29312	2882
21093	2883
22868	2884
36776	2885
21514	2886
32503	2887
27249	2888
33828	2889
32895	2890
27774	2891
27088	2892
31085	2893
27985	2894
29647	2895
36255	2896
23319	2897
24949	2898
32660	2899
36838	2900
39545	2901
21897	2902
21657	2903
21584	2904
23389	2905
22179	2906
28828	2907
28212	2908
34468	2909
31735	2910
23633	2911
25172	2912
25682	2913
28196	2914
35060	2915
26342	2916
21375	2917
31048	2918
25774	2919
28478	2920
38592	2921
33039	2922
21416	2923
21397	2924
31267	2925
24735	2926
35808	2927
22831	2928
30702	2929
21638	2930
21742	2931
31636	2932
32474	2933
34746	2934
38079	2935
27752	2936
27463	2937
22962	2938
20885	2939
32541	2940
21688	2941
27589	2942
23218	2943
32466	2944
28183	2945
29237	2946
24199	2947
24525	2948
31800	2949
22367	2950
29243	2951
20440	2952
36777	2953
23830	2954
25373	2955
38901	2956
29701	2957
31896	2958
31165	2959
25041	2960
29401	2961
26003	2962
32512	2963
36186	2964
38449	2965
28810	2966
21500	2967
37233	2968
20183	2969
24913	2970
23544	2971
26974	2972
28024	2973
28346	2974
65310	2975
38191	2976
8563	2977
23663	2978
23167	2979
31570	2980
34299	2981
33740	2982
20280	2983
30270	2984
28975	2985
22869	2986
33034	2987
12308	2988
12309	2989
33804	2990
36944	2991
36841	2992
23617	2993
20179	2994
36156	2995
33147	2996
27728	2997
25421	2998
21078	2999
35028	3000
25325	3001
20504	3002
39286	3003
38160	3004
26127	3005
32617	3006
38464	3007
39312	3008
31958	3009
37057	3010
33905	3011
29226	3012
21703	3013
28540	3014
32996	3015
27257	3016
32483	3017
39031	3018
24088	3019
28538	3020
26224	3021
26842	3022
38675	3023
35059	3024
233	3025
29627	3026
36759	3027
38446	3028
33909	3029
30133	3030
24908	3031
21636	3032
27754	3033
37240	3034
38718	3035
36910	3036
21340	3037
35763	3038
20167	3039
36784	3040
30522	3041
23016	3042
20431	3043
30789	3044
26707	3045
25199	3046
31607	3047
34281	3048
27766	3049
22576	3050
34152	3051
33492	3052
34259	3053
29462	3054
29527	3055
24545	3056
24125	3057
21654	3058
25414	3059
20323	3060
35065	3061
33436	3062
39285	3063
23673	3064
29840	3065
27899	3066
28064	3067
35925	3068
25329	3069
22771	3070
28861	3071
30529	3072
36538	3073
25783	3074
29822	3075
31351	3076
21792	3077
21480	3078
25294	3079
29088	3080
33585	3081
31563	3082
31668	3083
26012	3084
34560	3085
29854	3086
20355	3087
39042	3088
38149	3089
23418	3090
32932	3091
32908	3092
33086	3093
34103	3094
34183	3095
28925	3096
27690	3097
33603	3098
39578	3099
20523	3100
20210	3101
65374	3102
22777	3103
20491	3104
35809	3105
36454	3106
23493	3107
27922	3108
93	3109
37340	3110
28237	3111
38428	3112
38057	3113
36159	3114
36162	3115
31353	3116
20432	3117
27872	3118
33329	3119
21460	3120
35203	3121
24809	3122
27465	3123
33821	3124
31095	3125
32990	3126
28626	3127
28210	3128
30251	3129
30186	3130
33830	3131
38397	3132
19992	3133
33660	3134
31028	3135
35855	3136
25721	3137
25487	3138
30712	3139
25273	3140
38599	3141
33026	3142
33286	3143
33453	3144
33285	3145
20945	3146
25441	3147
35074	3148
38416	3149
25004	3150
21621	3151
20822	3152
24774	3153
24581	3154
29935	3155
30967	3156
20457	3157
29020	3158
38604	3159
21992	3160
20360	3161
20319	3162
28389	3163
32538	3164
25234	3165
33016	3166
33222	3167
31469	3168
25034	3169
30742	3170
28297	3171
33469	3172
28938	3173
20988	3174
26023	3175
27712	3176
26612	3177
9678	3178
30315	3179
20446	3180
23604	3181
23596	3182
33046	3183
34542	3184
20238	3185
28641	3186
27819	3187
22247	3188
40667	3189
38130	3190
27694	3191
30899	3192
26207	3193
35846	3194
29634	3195
23692	3196
29356	3197
30355	3198
38156	3199
28792	3200
23143	3201
23075	3202
31655	3203
21422	3204
30776	3205
21032	3206
24420	3207
36280	3208
31177	3209
31686	3210
36362	3211
31047	3212
29572	3213
29748	3214
28251	3215
38471	3216
27875	3217
38389	3218
29076	3219
23477	3220
20433	3221
40859	3222
8857	3223
30861	3224
22952	3225
31071	3226
35773	3227
21281	3228
30154	3229
22418	3230
26800	3231
38425	3232
28156	3233
28359	3234
21330	3235
30778	3236
38121	3237
39534	3238
21059	3239
21290	3240
27902	3241
38553	3242
40540	3243
23822	3244
26577	3245
23194	3246
30126	3247
30520	3248
26429	3249
35769	3250
33721	3251
24275	3252
38392	3253
23696	3254
21679	3255
29100	3256
25413	3257
31699	3258
28640	3259
31384	3260
34121	3261
28977	3262
25830	3263
20991	3264
25256	3265
34850	3266
32657	3267
21676	3268
31751	3269
31946	3270
28511	3271
25975	3272
36887	3273
24875	3274
8565	3275
33426	3276
33575	3277
8758	3278
32433	3279
20054	3280
33307	3281
23517	3282
24472	3283
24458	3284
23047	3285
30246	3286
21957	3287
23323	3288
40763	3289
21693	3290
20456	3291
29113	3292
26214	3293
24245	3294
29367	3295
23782	3296
21076	3297
36955	3298
29330	3299
33589	3300
30106	3301
32548	3302
39048	3303
38504	3304
27547	3305
32546	3306
34638	3307
33465	3308
21727	3309
38902	3310
25001	3311
33401	3312
32578	3313
31903	3314
25114	3315
34923	3316
33694	3317
26647	3318
28751	3319
12300	3320
20278	3321
38665	3322
38684	3323
34966	3324
35044	3325
34972	3326
38955	3327
20141	3328
28921	3329
26238	3330
34905	3331
34623	3332
34578	3333
34581	3334
21066	3335
36837	3336
33806	3337
29662	3338
24636	3339
25422	3340
31568	3341
21713	3342
23561	3343
40150	3344
38189	3345
20083	3346
31459	3347
39066	3348
33722	3349
21571	3350
34224	3351
30338	3352
39290	3353
35064	3354
35856	3355
30505	3356
30596	3357
23254	3358
24789	3359
40485	3360
35032	3361
36382	3362
22070	3363
40304	3364
22922	3365
23072	3366
20130	3367
34256	3368
26771	3369
37210	3370
26775	3371
23409	3372
28858	3373
31041	3374
27741	3375
39062	3376
23381	3377
39551	3378
23579	3379
35826	3380
20932	3381
23113	3382
22066	3383
21128	3384
34957	3385
39557	3386
21388	3387
26097	3388
30406	3389
28228	3390
21413	3391
31388	3392
23162	3393
34980	3394
35692	3395
38497	3396
29712	3397
24469	3398
28457	3399
28065	3400
31293	3401
25341	3402
31382	3403
38220	3404
31203	3405
24811	3406
27103	3407
31921	3408
31423	3409
27167	3410
33219	3411
32959	3412
38235	3413
9472	3414
36138	3415
34814	3416
34573	3417
20024	3418
31713	3419
36945	3420
25375	3421
27769	3422
38589	3423
33761	3424
27053	3425
25387	3426
23625	3427
38475	3428
27595	3429
25816	3430
29279	3431
34321	3432
33735	3433
9733	3434
33179	3435
39037	3436
34398	3437
39045	3438
32907	3439
33180	3440
24799	3441
30115	3442
31869	3443
30544	3444
27014	3445
34453	3446
29736	3447
21485	3448
24951	3449
24936	3450
27777	3451
27695	3452
25115	3453
35881	3454
25401	3455
40671	3456
29723	3457
26869	3458
20800	3459
38256	3460
28843	3461
20939	3462
40501	3463
31914	3464
34432	3465
34028	3466
32735	3467
37226	3468
27204	3469
20924	3470
36424	3471
33789	3472
36994	3473
36869	3474
38039	3475
33631	3476
24062	3477
9675	3478
30655	3479
36427	3480
36165	3481
20525	3482
32928	3483
31605	3484
35854	3485
29463	3486
27822	3487
33333	3488
36225	3489
24698	3490
29648	3491
31520	3492
33145	3493
8547	3494
30010	3495
26791	3496
26704	3497
32827	3498
31729	3499
31494	3500
38203	3501
21658	3502
29432	3503
30597	3504
33639	3505
28699	3506
28683	3507
38263	3508
40670	3509
32227	3510
30050	3511
33674	3512
22196	3513
22291	3514
39000	3515
30526	3516
20358	3517
32485	3518
23860	3519
65347	3520
20547	3521
26743	3522
38536	3523
21566	3524
65286	3525
30328	3526
30691	3527
29071	3528
27176	3529
20285	3530
21321	3531
20282	3532
22623	3533
20213	3534
31143	3535
36918	3536
36836	3537
21737	3538
38774	3539
21280	3540
39336	3541
31709	3542
29368	3543
32424	3544
32468	3545
25000	3546
28325	3547
37026	3548
30566	3549
25319	3550
34383	3551
28577	3552
27791	3553
65308	3554
32641	3555
25327	3556
22850	3557
36834	3558
35098	3559
20901	3560
35817	3561
28654	3562
36381	3563
30116	3564
27762	3565
21980	3566
20149	3567
28174	3568
38053	3569
21273	3570
21827	3571
32633	3572
30284	3573
38816	3574
23092	3575
33883	3576
35269	3577
30472	3578
34733	3579
30757	3580
22121	3581
36740	3582
27976	3583
23252	3584
23854	3585
26151	3586
26999	3587
40594	3588
40607	3589
38159	3590
32920	3591
21049	3592
30204	3593
26070	3594
26062	3595
23883	3596
37039	3597
24764	3598
27280	3599
29134	3600
25880	3601
32930	3602
12302	3603
12303	3604
29649	3605
31491	3606
38394	3607
21719	3608
23077	3609
39582	3610
30174	3611
-4	3612
-1	0